1.313752e+02 0 2.244759e+02 338 1.302016e+00 2 1.160741e+01
1.620625e+02 0 2.538951e+02 338 1.305506e+00 -27 9.115001e+00
4.496607e+01 0 1.367986e+02 338 1.305506e+00 86 1.201319e+01
3.253105e+01 0 1.243636e+02 338 1.305506e+00 98 1.610655e+01
1.512810e+02 0 2.418478e+02 338 1.308997e+00 -16 1.712571e+01
9.671080e+01 0 1.847532e+02 338 1.315978e+00 38 2.159612e+01
7.087659e+01 0 1.589190e+02 338 1.315978e+00 63 1.146601e+01
2.125372e+02 0 2.980644e+02 338 1.322960e+00 -73 1.158656e+01
1.919069e+02 0 2.774340e+02 338 1.322960e+00 -53 1.134108e+01
1.197006e+02 0 2.052278e+02 338 1.322960e+00 17 2.066819e+01
8.566054e+01 0 1.711877e+02 338 1.322960e+00 50 1.499084e+01
1.418993e+01 0 9.846280e+01 338 1.326450e+00 120 1.002749e+01
7.362682e+01 0 1.718249e+02 338 1.288053e+00 55 2.742245e+01
2.043610e+02 0 3.012809e+02 338 1.291544e+00 -70 1.050607e+01
5.143697e+01 0 1.483569e+02 338 1.291544e+00 77 1.882862e+01
3.687278e+01 0 1.337927e+02 338 1.291544e+00 91 1.824245e+01
1.375986e+02 0 2.306993e+02 338 1.302016e+00 -4 1.514058e+01
1.116676e+02 0 2.047683e+02 338 1.302016e+00 21 1.888842e+01
1.765700e+02 0 2.684026e+02 338 1.305506e+00 -41 1.577294e+01
1.875157e+02 0 2.780825e+02 338 1.308997e+00 -51 1.209410e+01
9.019971e+01 0 1.807665e+02 338 1.308997e+00 43 2.391070e+01
1.063875e+02 0 1.956909e+02 338 1.312488e+00 28 2.029733e+01
1.277119e+02 0 2.157543e+02 338 1.315978e+00 8 1.571179e+01
