5.157303e+01 0 1.706016e+02 338 1.232202e+00 65 1.123661e+01
4.067158e+01 0 1.583756e+02 338 1.235693e+00 76 1.048795e+01
1.157394e+02 0 2.294890e+02 338 1.246165e+00 7 9.402827e+00
5.559817e+01 0 1.693477e+02 338 1.246165e+00 64 1.069744e+01
5.484759e+00 0 1.166135e+02 338 1.253146e+00 113 1.178875e+01
8.889941e+00 0 1.161099e+02 338 1.263618e+00 112 1.284795e+01
1.071571e+01 0 1.166385e+02 338 1.267109e+00 111 1.242970e+01
6.245293e+01 0 1.657899e+02 338 1.274090e+00 63 1.370113e+01
7.640092e+01 0 1.771631e+02 338 1.281072e+00 51 2.253746e+01
6.283555e+01 0 1.635977e+02 338 1.281072e+00 64 1.170249e+01
5.520696e+01 0 1.546858e+02 338 1.284562e+00 72 1.570133e+01
5.559817e+01 0 1.525181e+02 338 1.291544e+00 73 1.459205e+01
4.103398e+01 0 1.379539e+02 338 1.291544e+00 87 1.601397e+01
1.598088e+02 0 2.541801e+02 338 1.298525e+00 -26 9.498061e+00
7.986379e+01 0 1.742351e+02 338 1.298525e+00 51 2.265916e+01
1.313752e+02 0 2.244759e+02 338 1.302016e+00 2 1.160741e+01
1.910776e+02 0 2.829101e+02 338 1.305506e+00 -55 1.008483e+01
1.620625e+02 0 2.538951e+02 338 1.305506e+00 -27 9.115001e+00
4.496607e+01 0 1.367986e+02 338 1.305506e+00 86 1.201319e+01
3.253105e+01 0 1.243636e+02 338 1.305506e+00 98 1.610655e+01
1.512810e+02 0 2.418478e+02 338 1.308997e+00 -16 1.712571e+01
1.181522e+02 0 2.087190e+02 338 1.308997e+00 16 2.121463e+01
9.641137e+01 0 1.869782e+02 338 1.308997e+00 37 2.059475e+01
2.118876e+02 0 3.011910e+02 338 1.312488e+00 -74 1.016184e+01
1.912013e+02 0 2.805047e+02 338 1.312488e+00 -54 1.231386e+01
9.671080e+01 0 1.847532e+02 338 1.315978e+00 38 2.159612e+01
7.087659e+01 0 1.589190e+02 338 1.315978e+00 63 1.146601e+01
2.125372e+02 0 2.980644e+02 338 1.322960e+00 -73 1.158656e+01
1.919069e+02 0 2.774340e+02 338 1.322960e+00 -53 1.134108e+01
1.197006e+02 0 2.052278e+02 338 1.322960e+00 17 2.066819e+01
8.566054e+01 0 1.711877e+02 338 1.322960e+00 50 1.499084e+01
1.418993e+01 0 9.846280e+01 338 1.326450e+00 120 1.002749e+01
1.920353e+02 0 2.750560e+02 338 1.329941e+00 -52 1.064329e+01
1.199546e+02 0 2.029754e+02 338 1.329941e+00 18 2.022422e+01
7.532603e+01 0 1.570968e+02 338 1.333432e+00 62 1.064662e+01
1.214835e+02 0 1.995169e+02 338 1.343904e+00 19 1.564886e+01
2.144135e+02 0 2.912052e+02 338 1.347394e+00 -71 9.493234e+00
1.985813e+02 0 2.741332e+02 338 1.350885e+00 -55 1.046500e+01
1.582012e+02 0 2.325153e+02 338 1.354375e+00 -15 9.315218e+00
6.365864e+01 0 1.367368e+02 338 1.357866e+00 78 1.214023e+01
1.992843e+02 0 2.711285e+02 338 1.361357e+00 -54 9.318560e+00
4.082154e+01 0 1.126657e+02 338 1.361357e+00 101 1.031451e+01
4.187078e+01 0 1.100235e+02 338 1.371829e+00 102 9.385975e+00
4.222191e+01 0 1.079225e+02 338 1.378810e+00 103 9.143093e+00
1.601664e+02 0 2.222010e+02 338 1.389282e+00 -11 9.288764e+00
7.636478e+01 0 1.335332e+02 338 1.403245e+00 74 9.509460e+00
1.597192e+02 0 2.144632e+02 338 1.410226e+00 -7 9.194904e+00
7.013336e+01 0 1.200449e+02 338 1.424189e+00 84 9.301194e+00
1.047474e+02 0 1.522502e+02 338 1.431170e+00 51 1.177164e+01
1.049897e+02 0 1.500886e+02 338 1.438151e+00 52 1.242005e+01
